{
 "cells": [
  {
   "cell_type": "code",
   "execution_count": 8,
   "metadata": {},
   "outputs": [
    {
     "data": {
      "text/plain": [
       "<lxml.etree._ElementTree at 0x272687b5e88>"
      ]
     },
     "execution_count": 8,
     "metadata": {},
     "output_type": "execute_result"
    }
   ],
   "source": [
    "import pandas as pd\n",
    "import numpy as np\n",
    "from lxml import objectify as ob\n",
    "path=('C:/Users/Laxman rajpoot/Documents/sample.xml')\n",
    "parsed=ob.parse(open(path))\n",
    "root=parsed.getroot()\n"
   ]
  },
  {
   "cell_type": "code",
   "execution_count": 15,
   "metadata": {},
   "outputs": [
    {
     "data": {
      "text/html": [
       "<div>\n",
       "<style scoped>\n",
       "    .dataframe tbody tr th:only-of-type {\n",
       "        vertical-align: middle;\n",
       "    }\n",
       "\n",
       "    .dataframe tbody tr th {\n",
       "        vertical-align: top;\n",
       "    }\n",
       "\n",
       "    .dataframe thead th {\n",
       "        text-align: right;\n",
       "    }\n",
       "</style>\n",
       "<table border=\"1\" class=\"dataframe\">\n",
       "  <thead>\n",
       "    <tr style=\"text-align: right;\">\n",
       "      <th></th>\n",
       "      <th>mpg</th>\n",
       "      <th>cyl</th>\n",
       "      <th>disp</th>\n",
       "      <th>hp</th>\n",
       "      <th>drat</th>\n",
       "      <th>wt</th>\n",
       "      <th>qsec</th>\n",
       "      <th>vs</th>\n",
       "      <th>am</th>\n",
       "      <th>gear</th>\n",
       "      <th>carb</th>\n",
       "    </tr>\n",
       "  </thead>\n",
       "  <tbody>\n",
       "    <tr>\n",
       "      <th>mpg</th>\n",
       "      <td>36.324103</td>\n",
       "      <td>-9.172379</td>\n",
       "      <td>-633.097208</td>\n",
       "      <td>-320.732056</td>\n",
       "      <td>2.195064</td>\n",
       "      <td>-5.116685</td>\n",
       "      <td>4.509149</td>\n",
       "      <td>2.017137</td>\n",
       "      <td>1.803931</td>\n",
       "      <td>2.135685</td>\n",
       "      <td>-5.363105</td>\n",
       "    </tr>\n",
       "    <tr>\n",
       "      <th>cyl</th>\n",
       "      <td>-9.172379</td>\n",
       "      <td>3.189516</td>\n",
       "      <td>199.660282</td>\n",
       "      <td>101.931452</td>\n",
       "      <td>-0.668367</td>\n",
       "      <td>1.367371</td>\n",
       "      <td>-1.886855</td>\n",
       "      <td>-0.729839</td>\n",
       "      <td>-0.465726</td>\n",
       "      <td>-0.649194</td>\n",
       "      <td>1.520161</td>\n",
       "    </tr>\n",
       "    <tr>\n",
       "      <th>disp</th>\n",
       "      <td>-633.097208</td>\n",
       "      <td>199.660282</td>\n",
       "      <td>15360.799829</td>\n",
       "      <td>6721.158669</td>\n",
       "      <td>-47.064019</td>\n",
       "      <td>107.684204</td>\n",
       "      <td>-96.051681</td>\n",
       "      <td>-44.377621</td>\n",
       "      <td>-36.564012</td>\n",
       "      <td>-50.802621</td>\n",
       "      <td>79.068750</td>\n",
       "    </tr>\n",
       "    <tr>\n",
       "      <th>hp</th>\n",
       "      <td>-320.732056</td>\n",
       "      <td>101.931452</td>\n",
       "      <td>6721.158669</td>\n",
       "      <td>4700.866935</td>\n",
       "      <td>-16.451109</td>\n",
       "      <td>44.192661</td>\n",
       "      <td>-86.770081</td>\n",
       "      <td>-24.987903</td>\n",
       "      <td>-8.320565</td>\n",
       "      <td>-6.358871</td>\n",
       "      <td>83.036290</td>\n",
       "    </tr>\n",
       "    <tr>\n",
       "      <th>drat</th>\n",
       "      <td>2.195064</td>\n",
       "      <td>-0.668367</td>\n",
       "      <td>-47.064019</td>\n",
       "      <td>-16.451109</td>\n",
       "      <td>0.285881</td>\n",
       "      <td>-0.372721</td>\n",
       "      <td>0.087141</td>\n",
       "      <td>0.118649</td>\n",
       "      <td>0.190151</td>\n",
       "      <td>0.275988</td>\n",
       "      <td>-0.078407</td>\n",
       "    </tr>\n",
       "    <tr>\n",
       "      <th>wt</th>\n",
       "      <td>-5.116685</td>\n",
       "      <td>1.367371</td>\n",
       "      <td>107.684204</td>\n",
       "      <td>44.192661</td>\n",
       "      <td>-0.372721</td>\n",
       "      <td>0.957379</td>\n",
       "      <td>-0.305482</td>\n",
       "      <td>-0.273661</td>\n",
       "      <td>-0.338105</td>\n",
       "      <td>-0.421081</td>\n",
       "      <td>0.675790</td>\n",
       "    </tr>\n",
       "    <tr>\n",
       "      <th>qsec</th>\n",
       "      <td>4.509149</td>\n",
       "      <td>-1.886855</td>\n",
       "      <td>-96.051681</td>\n",
       "      <td>-86.770081</td>\n",
       "      <td>0.087141</td>\n",
       "      <td>-0.305482</td>\n",
       "      <td>3.193166</td>\n",
       "      <td>0.670565</td>\n",
       "      <td>-0.204960</td>\n",
       "      <td>-0.280403</td>\n",
       "      <td>-1.894113</td>\n",
       "    </tr>\n",
       "    <tr>\n",
       "      <th>vs</th>\n",
       "      <td>2.017137</td>\n",
       "      <td>-0.729839</td>\n",
       "      <td>-44.377621</td>\n",
       "      <td>-24.987903</td>\n",
       "      <td>0.118649</td>\n",
       "      <td>-0.273661</td>\n",
       "      <td>0.670565</td>\n",
       "      <td>0.254032</td>\n",
       "      <td>0.042339</td>\n",
       "      <td>0.076613</td>\n",
       "      <td>-0.463710</td>\n",
       "    </tr>\n",
       "    <tr>\n",
       "      <th>am</th>\n",
       "      <td>1.803931</td>\n",
       "      <td>-0.465726</td>\n",
       "      <td>-36.564012</td>\n",
       "      <td>-8.320565</td>\n",
       "      <td>0.190151</td>\n",
       "      <td>-0.338105</td>\n",
       "      <td>-0.204960</td>\n",
       "      <td>0.042339</td>\n",
       "      <td>0.248992</td>\n",
       "      <td>0.292339</td>\n",
       "      <td>0.046371</td>\n",
       "    </tr>\n",
       "    <tr>\n",
       "      <th>gear</th>\n",
       "      <td>2.135685</td>\n",
       "      <td>-0.649194</td>\n",
       "      <td>-50.802621</td>\n",
       "      <td>-6.358871</td>\n",
       "      <td>0.275988</td>\n",
       "      <td>-0.421081</td>\n",
       "      <td>-0.280403</td>\n",
       "      <td>0.076613</td>\n",
       "      <td>0.292339</td>\n",
       "      <td>0.544355</td>\n",
       "      <td>0.326613</td>\n",
       "    </tr>\n",
       "    <tr>\n",
       "      <th>carb</th>\n",
       "      <td>-5.363105</td>\n",
       "      <td>1.520161</td>\n",
       "      <td>79.068750</td>\n",
       "      <td>83.036290</td>\n",
       "      <td>-0.078407</td>\n",
       "      <td>0.675790</td>\n",
       "      <td>-1.894113</td>\n",
       "      <td>-0.463710</td>\n",
       "      <td>0.046371</td>\n",
       "      <td>0.326613</td>\n",
       "      <td>2.608871</td>\n",
       "    </tr>\n",
       "  </tbody>\n",
       "</table>\n",
       "</div>"
      ],
      "text/plain": [
       "             mpg         cyl          disp           hp       drat  \\\n",
       "mpg    36.324103   -9.172379   -633.097208  -320.732056   2.195064   \n",
       "cyl    -9.172379    3.189516    199.660282   101.931452  -0.668367   \n",
       "disp -633.097208  199.660282  15360.799829  6721.158669 -47.064019   \n",
       "hp   -320.732056  101.931452   6721.158669  4700.866935 -16.451109   \n",
       "drat    2.195064   -0.668367    -47.064019   -16.451109   0.285881   \n",
       "wt     -5.116685    1.367371    107.684204    44.192661  -0.372721   \n",
       "qsec    4.509149   -1.886855    -96.051681   -86.770081   0.087141   \n",
       "vs      2.017137   -0.729839    -44.377621   -24.987903   0.118649   \n",
       "am      1.803931   -0.465726    -36.564012    -8.320565   0.190151   \n",
       "gear    2.135685   -0.649194    -50.802621    -6.358871   0.275988   \n",
       "carb   -5.363105    1.520161     79.068750    83.036290  -0.078407   \n",
       "\n",
       "              wt       qsec         vs         am       gear       carb  \n",
       "mpg    -5.116685   4.509149   2.017137   1.803931   2.135685  -5.363105  \n",
       "cyl     1.367371  -1.886855  -0.729839  -0.465726  -0.649194   1.520161  \n",
       "disp  107.684204 -96.051681 -44.377621 -36.564012 -50.802621  79.068750  \n",
       "hp     44.192661 -86.770081 -24.987903  -8.320565  -6.358871  83.036290  \n",
       "drat   -0.372721   0.087141   0.118649   0.190151   0.275988  -0.078407  \n",
       "wt      0.957379  -0.305482  -0.273661  -0.338105  -0.421081   0.675790  \n",
       "qsec   -0.305482   3.193166   0.670565  -0.204960  -0.280403  -1.894113  \n",
       "vs     -0.273661   0.670565   0.254032   0.042339   0.076613  -0.463710  \n",
       "am     -0.338105  -0.204960   0.042339   0.248992   0.292339   0.046371  \n",
       "gear   -0.421081  -0.280403   0.076613   0.292339   0.544355   0.326613  \n",
       "carb    0.675790  -1.894113  -0.463710   0.046371   0.326613   2.608871  "
      ]
     },
     "execution_count": 15,
     "metadata": {},
     "output_type": "execute_result"
    }
   ],
   "source": [
    "a=pd.read_csv('C:/Users/Laxman rajpoot/Downloads/cars.csv')\n",
    "a.cov()"
   ]
  },
  {
   "cell_type": "code",
   "execution_count": 17,
   "metadata": {},
   "outputs": [
    {
     "data": {
      "text/html": [
       "<div>\n",
       "<style scoped>\n",
       "    .dataframe tbody tr th:only-of-type {\n",
       "        vertical-align: middle;\n",
       "    }\n",
       "\n",
       "    .dataframe tbody tr th {\n",
       "        vertical-align: top;\n",
       "    }\n",
       "\n",
       "    .dataframe thead th {\n",
       "        text-align: right;\n",
       "    }\n",
       "</style>\n",
       "<table border=\"1\" class=\"dataframe\">\n",
       "  <thead>\n",
       "    <tr style=\"text-align: right;\">\n",
       "      <th></th>\n",
       "      <th>mpg</th>\n",
       "      <th>cyl</th>\n",
       "      <th>disp</th>\n",
       "      <th>hp</th>\n",
       "      <th>drat</th>\n",
       "      <th>wt</th>\n",
       "      <th>qsec</th>\n",
       "      <th>vs</th>\n",
       "      <th>am</th>\n",
       "      <th>gear</th>\n",
       "      <th>carb</th>\n",
       "    </tr>\n",
       "  </thead>\n",
       "  <tbody>\n",
       "    <tr>\n",
       "      <th>mpg</th>\n",
       "      <td>1.000000</td>\n",
       "      <td>-0.852162</td>\n",
       "      <td>-0.847551</td>\n",
       "      <td>-0.776168</td>\n",
       "      <td>0.681172</td>\n",
       "      <td>-0.867659</td>\n",
       "      <td>0.418684</td>\n",
       "      <td>0.664039</td>\n",
       "      <td>0.599832</td>\n",
       "      <td>0.480285</td>\n",
       "      <td>-0.550925</td>\n",
       "    </tr>\n",
       "    <tr>\n",
       "      <th>cyl</th>\n",
       "      <td>-0.852162</td>\n",
       "      <td>1.000000</td>\n",
       "      <td>0.902033</td>\n",
       "      <td>0.832447</td>\n",
       "      <td>-0.699938</td>\n",
       "      <td>0.782496</td>\n",
       "      <td>-0.591242</td>\n",
       "      <td>-0.810812</td>\n",
       "      <td>-0.522607</td>\n",
       "      <td>-0.492687</td>\n",
       "      <td>0.526988</td>\n",
       "    </tr>\n",
       "    <tr>\n",
       "      <th>disp</th>\n",
       "      <td>-0.847551</td>\n",
       "      <td>0.902033</td>\n",
       "      <td>1.000000</td>\n",
       "      <td>0.790949</td>\n",
       "      <td>-0.710214</td>\n",
       "      <td>0.887980</td>\n",
       "      <td>-0.433698</td>\n",
       "      <td>-0.710416</td>\n",
       "      <td>-0.591227</td>\n",
       "      <td>-0.555569</td>\n",
       "      <td>0.394977</td>\n",
       "    </tr>\n",
       "    <tr>\n",
       "      <th>hp</th>\n",
       "      <td>-0.776168</td>\n",
       "      <td>0.832447</td>\n",
       "      <td>0.790949</td>\n",
       "      <td>1.000000</td>\n",
       "      <td>-0.448759</td>\n",
       "      <td>0.658748</td>\n",
       "      <td>-0.708223</td>\n",
       "      <td>-0.723097</td>\n",
       "      <td>-0.243204</td>\n",
       "      <td>-0.125704</td>\n",
       "      <td>0.749812</td>\n",
       "    </tr>\n",
       "    <tr>\n",
       "      <th>drat</th>\n",
       "      <td>0.681172</td>\n",
       "      <td>-0.699938</td>\n",
       "      <td>-0.710214</td>\n",
       "      <td>-0.448759</td>\n",
       "      <td>1.000000</td>\n",
       "      <td>-0.712441</td>\n",
       "      <td>0.091205</td>\n",
       "      <td>0.440278</td>\n",
       "      <td>0.712711</td>\n",
       "      <td>0.699610</td>\n",
       "      <td>-0.090790</td>\n",
       "    </tr>\n",
       "    <tr>\n",
       "      <th>wt</th>\n",
       "      <td>-0.867659</td>\n",
       "      <td>0.782496</td>\n",
       "      <td>0.887980</td>\n",
       "      <td>0.658748</td>\n",
       "      <td>-0.712441</td>\n",
       "      <td>1.000000</td>\n",
       "      <td>-0.174716</td>\n",
       "      <td>-0.554916</td>\n",
       "      <td>-0.692495</td>\n",
       "      <td>-0.583287</td>\n",
       "      <td>0.427606</td>\n",
       "    </tr>\n",
       "    <tr>\n",
       "      <th>qsec</th>\n",
       "      <td>0.418684</td>\n",
       "      <td>-0.591242</td>\n",
       "      <td>-0.433698</td>\n",
       "      <td>-0.708223</td>\n",
       "      <td>0.091205</td>\n",
       "      <td>-0.174716</td>\n",
       "      <td>1.000000</td>\n",
       "      <td>0.744535</td>\n",
       "      <td>-0.229861</td>\n",
       "      <td>-0.212682</td>\n",
       "      <td>-0.656249</td>\n",
       "    </tr>\n",
       "    <tr>\n",
       "      <th>vs</th>\n",
       "      <td>0.664039</td>\n",
       "      <td>-0.810812</td>\n",
       "      <td>-0.710416</td>\n",
       "      <td>-0.723097</td>\n",
       "      <td>0.440278</td>\n",
       "      <td>-0.554916</td>\n",
       "      <td>0.744535</td>\n",
       "      <td>1.000000</td>\n",
       "      <td>0.168345</td>\n",
       "      <td>0.206023</td>\n",
       "      <td>-0.569607</td>\n",
       "    </tr>\n",
       "    <tr>\n",
       "      <th>am</th>\n",
       "      <td>0.599832</td>\n",
       "      <td>-0.522607</td>\n",
       "      <td>-0.591227</td>\n",
       "      <td>-0.243204</td>\n",
       "      <td>0.712711</td>\n",
       "      <td>-0.692495</td>\n",
       "      <td>-0.229861</td>\n",
       "      <td>0.168345</td>\n",
       "      <td>1.000000</td>\n",
       "      <td>0.794059</td>\n",
       "      <td>0.057534</td>\n",
       "    </tr>\n",
       "    <tr>\n",
       "      <th>gear</th>\n",
       "      <td>0.480285</td>\n",
       "      <td>-0.492687</td>\n",
       "      <td>-0.555569</td>\n",
       "      <td>-0.125704</td>\n",
       "      <td>0.699610</td>\n",
       "      <td>-0.583287</td>\n",
       "      <td>-0.212682</td>\n",
       "      <td>0.206023</td>\n",
       "      <td>0.794059</td>\n",
       "      <td>1.000000</td>\n",
       "      <td>0.274073</td>\n",
       "    </tr>\n",
       "    <tr>\n",
       "      <th>carb</th>\n",
       "      <td>-0.550925</td>\n",
       "      <td>0.526988</td>\n",
       "      <td>0.394977</td>\n",
       "      <td>0.749812</td>\n",
       "      <td>-0.090790</td>\n",
       "      <td>0.427606</td>\n",
       "      <td>-0.656249</td>\n",
       "      <td>-0.569607</td>\n",
       "      <td>0.057534</td>\n",
       "      <td>0.274073</td>\n",
       "      <td>1.000000</td>\n",
       "    </tr>\n",
       "  </tbody>\n",
       "</table>\n",
       "</div>"
      ],
      "text/plain": [
       "           mpg       cyl      disp        hp      drat        wt      qsec  \\\n",
       "mpg   1.000000 -0.852162 -0.847551 -0.776168  0.681172 -0.867659  0.418684   \n",
       "cyl  -0.852162  1.000000  0.902033  0.832447 -0.699938  0.782496 -0.591242   \n",
       "disp -0.847551  0.902033  1.000000  0.790949 -0.710214  0.887980 -0.433698   \n",
       "hp   -0.776168  0.832447  0.790949  1.000000 -0.448759  0.658748 -0.708223   \n",
       "drat  0.681172 -0.699938 -0.710214 -0.448759  1.000000 -0.712441  0.091205   \n",
       "wt   -0.867659  0.782496  0.887980  0.658748 -0.712441  1.000000 -0.174716   \n",
       "qsec  0.418684 -0.591242 -0.433698 -0.708223  0.091205 -0.174716  1.000000   \n",
       "vs    0.664039 -0.810812 -0.710416 -0.723097  0.440278 -0.554916  0.744535   \n",
       "am    0.599832 -0.522607 -0.591227 -0.243204  0.712711 -0.692495 -0.229861   \n",
       "gear  0.480285 -0.492687 -0.555569 -0.125704  0.699610 -0.583287 -0.212682   \n",
       "carb -0.550925  0.526988  0.394977  0.749812 -0.090790  0.427606 -0.656249   \n",
       "\n",
       "            vs        am      gear      carb  \n",
       "mpg   0.664039  0.599832  0.480285 -0.550925  \n",
       "cyl  -0.810812 -0.522607 -0.492687  0.526988  \n",
       "disp -0.710416 -0.591227 -0.555569  0.394977  \n",
       "hp   -0.723097 -0.243204 -0.125704  0.749812  \n",
       "drat  0.440278  0.712711  0.699610 -0.090790  \n",
       "wt   -0.554916 -0.692495 -0.583287  0.427606  \n",
       "qsec  0.744535 -0.229861 -0.212682 -0.656249  \n",
       "vs    1.000000  0.168345  0.206023 -0.569607  \n",
       "am    0.168345  1.000000  0.794059  0.057534  \n",
       "gear  0.206023  0.794059  1.000000  0.274073  \n",
       "carb -0.569607  0.057534  0.274073  1.000000  "
      ]
     },
     "execution_count": 17,
     "metadata": {},
     "output_type": "execute_result"
    }
   ],
   "source": [
    "a.corr()"
   ]
  },
  {
   "cell_type": "code",
   "execution_count": 25,
   "metadata": {},
   "outputs": [
    {
     "ename": "KeyError",
     "evalue": "'33'",
     "output_type": "error",
     "traceback": [
      "\u001b[1;31m---------------------------------------------------------------------------\u001b[0m",
      "\u001b[1;31mKeyError\u001b[0m                                  Traceback (most recent call last)",
      "\u001b[1;32mc:\\users\\laxman rajpoot\\appdata\\local\\programs\\python\\python37\\lib\\site-packages\\pandas\\core\\indexes\\base.py\u001b[0m in \u001b[0;36mget_loc\u001b[1;34m(self, key, method, tolerance)\u001b[0m\n\u001b[0;32m   2889\u001b[0m             \u001b[1;32mtry\u001b[0m\u001b[1;33m:\u001b[0m\u001b[1;33m\u001b[0m\u001b[1;33m\u001b[0m\u001b[0m\n\u001b[1;32m-> 2890\u001b[1;33m                 \u001b[1;32mreturn\u001b[0m \u001b[0mself\u001b[0m\u001b[1;33m.\u001b[0m\u001b[0m_engine\u001b[0m\u001b[1;33m.\u001b[0m\u001b[0mget_loc\u001b[0m\u001b[1;33m(\u001b[0m\u001b[0mkey\u001b[0m\u001b[1;33m)\u001b[0m\u001b[1;33m\u001b[0m\u001b[1;33m\u001b[0m\u001b[0m\n\u001b[0m\u001b[0;32m   2891\u001b[0m             \u001b[1;32mexcept\u001b[0m \u001b[0mKeyError\u001b[0m\u001b[1;33m:\u001b[0m\u001b[1;33m\u001b[0m\u001b[1;33m\u001b[0m\u001b[0m\n",
      "\u001b[1;32mpandas\\_libs\\index.pyx\u001b[0m in \u001b[0;36mpandas._libs.index.IndexEngine.get_loc\u001b[1;34m()\u001b[0m\n",
      "\u001b[1;32mpandas\\_libs\\index.pyx\u001b[0m in \u001b[0;36mpandas._libs.index.IndexEngine.get_loc\u001b[1;34m()\u001b[0m\n",
      "\u001b[1;32mpandas\\_libs\\hashtable_class_helper.pxi\u001b[0m in \u001b[0;36mpandas._libs.hashtable.PyObjectHashTable.get_item\u001b[1;34m()\u001b[0m\n",
      "\u001b[1;32mpandas\\_libs\\hashtable_class_helper.pxi\u001b[0m in \u001b[0;36mpandas._libs.hashtable.PyObjectHashTable.get_item\u001b[1;34m()\u001b[0m\n",
      "\u001b[1;31mKeyError\u001b[0m: '33'",
      "\nDuring handling of the above exception, another exception occurred:\n",
      "\u001b[1;31mKeyError\u001b[0m                                  Traceback (most recent call last)",
      "\u001b[1;32m<ipython-input-25-54f985192956>\u001b[0m in \u001b[0;36m<module>\u001b[1;34m\u001b[0m\n\u001b[0;32m      1\u001b[0m \u001b[0mx\u001b[0m\u001b[1;33m=\u001b[0m\u001b[0mpd\u001b[0m\u001b[1;33m.\u001b[0m\u001b[0mExcelFile\u001b[0m\u001b[1;33m(\u001b[0m\u001b[1;34m'C:/Users/Laxman rajpoot/Downloads/icc-2019-cricket-world-cup-schedule-excel.xlsx'\u001b[0m\u001b[1;33m)\u001b[0m\u001b[1;33m\u001b[0m\u001b[1;33m\u001b[0m\u001b[0m\n\u001b[0;32m      2\u001b[0m \u001b[0ml\u001b[0m\u001b[1;33m=\u001b[0m\u001b[0mpd\u001b[0m\u001b[1;33m.\u001b[0m\u001b[0mread_excel\u001b[0m\u001b[1;33m(\u001b[0m\u001b[0mx\u001b[0m\u001b[1;33m)\u001b[0m\u001b[1;33m\u001b[0m\u001b[1;33m\u001b[0m\u001b[0m\n\u001b[1;32m----> 3\u001b[1;33m \u001b[0ml\u001b[0m\u001b[1;33m[\u001b[0m\u001b[1;34m'33'\u001b[0m\u001b[1;33m]\u001b[0m\u001b[1;33m\u001b[0m\u001b[1;33m\u001b[0m\u001b[0m\n\u001b[0m",
      "\u001b[1;32mc:\\users\\laxman rajpoot\\appdata\\local\\programs\\python\\python37\\lib\\site-packages\\pandas\\core\\frame.py\u001b[0m in \u001b[0;36m__getitem__\u001b[1;34m(self, key)\u001b[0m\n\u001b[0;32m   2973\u001b[0m             \u001b[1;32mif\u001b[0m \u001b[0mself\u001b[0m\u001b[1;33m.\u001b[0m\u001b[0mcolumns\u001b[0m\u001b[1;33m.\u001b[0m\u001b[0mnlevels\u001b[0m \u001b[1;33m>\u001b[0m \u001b[1;36m1\u001b[0m\u001b[1;33m:\u001b[0m\u001b[1;33m\u001b[0m\u001b[1;33m\u001b[0m\u001b[0m\n\u001b[0;32m   2974\u001b[0m                 \u001b[1;32mreturn\u001b[0m \u001b[0mself\u001b[0m\u001b[1;33m.\u001b[0m\u001b[0m_getitem_multilevel\u001b[0m\u001b[1;33m(\u001b[0m\u001b[0mkey\u001b[0m\u001b[1;33m)\u001b[0m\u001b[1;33m\u001b[0m\u001b[1;33m\u001b[0m\u001b[0m\n\u001b[1;32m-> 2975\u001b[1;33m             \u001b[0mindexer\u001b[0m \u001b[1;33m=\u001b[0m \u001b[0mself\u001b[0m\u001b[1;33m.\u001b[0m\u001b[0mcolumns\u001b[0m\u001b[1;33m.\u001b[0m\u001b[0mget_loc\u001b[0m\u001b[1;33m(\u001b[0m\u001b[0mkey\u001b[0m\u001b[1;33m)\u001b[0m\u001b[1;33m\u001b[0m\u001b[1;33m\u001b[0m\u001b[0m\n\u001b[0m\u001b[0;32m   2976\u001b[0m             \u001b[1;32mif\u001b[0m \u001b[0mis_integer\u001b[0m\u001b[1;33m(\u001b[0m\u001b[0mindexer\u001b[0m\u001b[1;33m)\u001b[0m\u001b[1;33m:\u001b[0m\u001b[1;33m\u001b[0m\u001b[1;33m\u001b[0m\u001b[0m\n\u001b[0;32m   2977\u001b[0m                 \u001b[0mindexer\u001b[0m \u001b[1;33m=\u001b[0m \u001b[1;33m[\u001b[0m\u001b[0mindexer\u001b[0m\u001b[1;33m]\u001b[0m\u001b[1;33m\u001b[0m\u001b[1;33m\u001b[0m\u001b[0m\n",
      "\u001b[1;32mc:\\users\\laxman rajpoot\\appdata\\local\\programs\\python\\python37\\lib\\site-packages\\pandas\\core\\indexes\\base.py\u001b[0m in \u001b[0;36mget_loc\u001b[1;34m(self, key, method, tolerance)\u001b[0m\n\u001b[0;32m   2890\u001b[0m                 \u001b[1;32mreturn\u001b[0m \u001b[0mself\u001b[0m\u001b[1;33m.\u001b[0m\u001b[0m_engine\u001b[0m\u001b[1;33m.\u001b[0m\u001b[0mget_loc\u001b[0m\u001b[1;33m(\u001b[0m\u001b[0mkey\u001b[0m\u001b[1;33m)\u001b[0m\u001b[1;33m\u001b[0m\u001b[1;33m\u001b[0m\u001b[0m\n\u001b[0;32m   2891\u001b[0m             \u001b[1;32mexcept\u001b[0m \u001b[0mKeyError\u001b[0m\u001b[1;33m:\u001b[0m\u001b[1;33m\u001b[0m\u001b[1;33m\u001b[0m\u001b[0m\n\u001b[1;32m-> 2892\u001b[1;33m                 \u001b[1;32mreturn\u001b[0m \u001b[0mself\u001b[0m\u001b[1;33m.\u001b[0m\u001b[0m_engine\u001b[0m\u001b[1;33m.\u001b[0m\u001b[0mget_loc\u001b[0m\u001b[1;33m(\u001b[0m\u001b[0mself\u001b[0m\u001b[1;33m.\u001b[0m\u001b[0m_maybe_cast_indexer\u001b[0m\u001b[1;33m(\u001b[0m\u001b[0mkey\u001b[0m\u001b[1;33m)\u001b[0m\u001b[1;33m)\u001b[0m\u001b[1;33m\u001b[0m\u001b[1;33m\u001b[0m\u001b[0m\n\u001b[0m\u001b[0;32m   2893\u001b[0m         \u001b[0mindexer\u001b[0m \u001b[1;33m=\u001b[0m \u001b[0mself\u001b[0m\u001b[1;33m.\u001b[0m\u001b[0mget_indexer\u001b[0m\u001b[1;33m(\u001b[0m\u001b[1;33m[\u001b[0m\u001b[0mkey\u001b[0m\u001b[1;33m]\u001b[0m\u001b[1;33m,\u001b[0m \u001b[0mmethod\u001b[0m\u001b[1;33m=\u001b[0m\u001b[0mmethod\u001b[0m\u001b[1;33m,\u001b[0m \u001b[0mtolerance\u001b[0m\u001b[1;33m=\u001b[0m\u001b[0mtolerance\u001b[0m\u001b[1;33m)\u001b[0m\u001b[1;33m\u001b[0m\u001b[1;33m\u001b[0m\u001b[0m\n\u001b[0;32m   2894\u001b[0m         \u001b[1;32mif\u001b[0m \u001b[0mindexer\u001b[0m\u001b[1;33m.\u001b[0m\u001b[0mndim\u001b[0m \u001b[1;33m>\u001b[0m \u001b[1;36m1\u001b[0m \u001b[1;32mor\u001b[0m \u001b[0mindexer\u001b[0m\u001b[1;33m.\u001b[0m\u001b[0msize\u001b[0m \u001b[1;33m>\u001b[0m \u001b[1;36m1\u001b[0m\u001b[1;33m:\u001b[0m\u001b[1;33m\u001b[0m\u001b[1;33m\u001b[0m\u001b[0m\n",
      "\u001b[1;32mpandas\\_libs\\index.pyx\u001b[0m in \u001b[0;36mpandas._libs.index.IndexEngine.get_loc\u001b[1;34m()\u001b[0m\n",
      "\u001b[1;32mpandas\\_libs\\index.pyx\u001b[0m in \u001b[0;36mpandas._libs.index.IndexEngine.get_loc\u001b[1;34m()\u001b[0m\n",
      "\u001b[1;32mpandas\\_libs\\hashtable_class_helper.pxi\u001b[0m in \u001b[0;36mpandas._libs.hashtable.PyObjectHashTable.get_item\u001b[1;34m()\u001b[0m\n",
      "\u001b[1;32mpandas\\_libs\\hashtable_class_helper.pxi\u001b[0m in \u001b[0;36mpandas._libs.hashtable.PyObjectHashTable.get_item\u001b[1;34m()\u001b[0m\n",
      "\u001b[1;31mKeyError\u001b[0m: '33'"
     ]
    }
   ],
   "source": [
    "x=pd.ExcelFile('C:/Users/Laxman rajpoot/Downloads/icc-2019-cricket-world-cup-schedule-excel.xlsx')     \n",
    "l=pd.read_excel(x)\n",
    "l['33']"
   ]
  },
  {
   "cell_type": "code",
   "execution_count": 24,
   "metadata": {},
   "outputs": [
    {
     "ename": "NameError",
     "evalue": "name 'l' is not defined",
     "output_type": "error",
     "traceback": [
      "\u001b[1;31m---------------------------------------------------------------------------\u001b[0m",
      "\u001b[1;31mNameError\u001b[0m                                 Traceback (most recent call last)",
      "\u001b[1;32m<ipython-input-24-f9216a0a9af7>\u001b[0m in \u001b[0;36m<module>\u001b[1;34m\u001b[0m\n\u001b[1;32m----> 1\u001b[1;33m \u001b[0ml\u001b[0m\u001b[1;33m[\u001b[0m\u001b[1;36m33\u001b[0m\u001b[1;33m]\u001b[0m\u001b[1;33m\u001b[0m\u001b[1;33m\u001b[0m\u001b[0m\n\u001b[0m",
      "\u001b[1;31mNameError\u001b[0m: name 'l' is not defined"
     ]
    }
   ],
   "source": [
    "\n"
   ]
  }
 ],
 "metadata": {
  "kernelspec": {
   "display_name": "Python 3",
   "language": "python",
   "name": "python3"
  },
  "language_info": {
   "codemirror_mode": {
    "name": "ipython",
    "version": 3
   },
   "file_extension": ".py",
   "mimetype": "text/x-python",
   "name": "python",
   "nbconvert_exporter": "python",
   "pygments_lexer": "ipython3",
   "version": "3.7.4"
  }
 },
 "nbformat": 4,
 "nbformat_minor": 2
}
